      3430       2060         10
      3435    2342340         15
     13435    3434290          5
  23232502  343535354          2
      5975    3859034          1
      1930         34          2
        39         13         13
         9          3          3
        14         92          2
       210        124          2
    116150     232704        202
      3430       3430       3430
      2060       2060       2060
      3435    2342340         15
     13435    3434290          5
  23232502  343535354          2
      5975    3859034          1
      1930         34          2
        39         13         13
         9          3          3
        14         92          2
       210        124          2
    116150     232704        202
    999999     999999     999999
     54321      54321      54321
     12345     234567          3
    987654     123456          6
    876543     987654          3
    111111     222222     111111
    444444     555555     111111
    999999     111111     111111
     98765      11111          1
     54321     654321          3
     12345      54321          3
    987654     987654     987654
    876543     876543     876543
    111111     111111     111111
    444444     444444     444444
    999999     999999     999999
     98765      98765      98765
     54321      54321      54321
     12345      12345      12345
    987654     987654     987654
    876543     876543     876543
    111111     111111     111111
    444444     444444     444444
    999999     999999     999999
     98765      98765      98765
     54321      54321      54321
     12345      12345      12345
    987654     987654     987654
    876543     876543     876543
    111111     111111     111111
    444444     444444     444444
    999999     999999     999999
     98765      98765      98765
     54321      54321      54321
     12345      12345      12345
    987654     987654     987654
    876543     876543     876543
    111111     111111     111111
    444444     444444     444444
    999999     999999     999999
     98765      98765      98765
     54321      54321      54321
     12345      12345      12345
    987654     987654     987654
    876543     876543     876543
    111111     111111     111111
    444444     444444     444444
